-3.000000 0
-2.929293 0
-2.858586 0
-2.787879 0
-2.717172 0
-2.646465 0
-2.575758 0
-2.505051 0
-2.434343 2
-2.363636 0
-2.292929 1
-2.222222 0
-2.151515 0
-2.080808 0
-2.010101 0
-1.939394 1
-1.868687 1
-1.797980 2
-1.727273 2
-1.656566 0
-1.585859 1
-1.515152 1
-1.444444 0
-1.373737 0
-1.303030 0
-1.232323 1
-1.161616 0
-1.090909 1
-1.020202 0
-0.949495 0
-0.878788 0
-0.808081 0
-0.737374 4
-0.666667 3
-0.595960 0
-0.525253 2
-0.454545 0
-0.383838 3
-0.313131 1
-0.242424 1
-0.171717 4
-0.101010 2
-0.030303 1
0.040404 0
0.111111 1
0.181818 0
0.252525 1
0.323232 5
0.393939 1
0.464646 6
0.535354 1
0.606061 1
0.676768 3
0.747475 1
0.818182 1
0.888889 2
0.959596 3
1.030303 1
1.101010 3
1.171717 3
1.242424 3
1.313131 4
1.383838 1
1.454545 2
1.525253 0
1.595960 1
1.666667 0
1.737374 1
1.808081 2
1.878788 2
1.949495 2
2.020202 1
2.090909 0
2.161616 1
2.232323 0
2.303030 2
2.373737 0
2.444444 0
2.515152 1
2.585859 1
2.656566 0
2.727273 0
2.797980 0
2.868687 1
2.939394 2
3.010101 0
3.080808 0
3.151515 0
3.222222 0
3.292929 1
3.363636 0
3.434343 1
3.505051 0
3.575758 1
3.646465 0
3.717172 0
3.787879 0
3.858586 0
3.929293 1
