-3.000000 4
-2.930000 1
-2.860000 3
-2.790000 2
-2.720000 1
-2.650000 4
-2.580000 1
-2.510000 2
-2.440000 0
-2.370000 1
-2.300000 7
-2.230000 2
-2.160000 6
-2.090000 6
-2.020000 6
-1.950000 2
-1.880000 6
-1.810000 8
-1.740000 10
-1.670000 7
-1.600000 9
-1.530000 4
-1.460000 6
-1.390000 7
-1.320000 7
-1.250000 14
-1.180000 6
-1.110000 10
-1.040000 10
-0.970000 16
-0.900000 12
-0.830000 14
-0.760000 14
-0.690000 15
-0.620000 13
-0.550000 15
-0.480000 11
-0.410000 12
-0.340000 15
-0.270000 16
-0.200000 18
-0.130000 20
-0.060000 17
0.010000 18
0.080000 15
0.150000 15
0.220000 21
0.290000 28
0.360000 17
0.430000 16
0.500000 28
0.570000 19
0.640000 20
0.710000 16
0.780000 17
0.850000 23
0.920000 16
0.990000 16
1.060000 23
1.130000 10
1.200000 15
1.270000 9
1.340000 14
1.410000 17
1.480000 15
1.550000 17
1.620000 17
1.690000 13
1.760000 17
1.830000 6
1.900000 13
1.970000 11
2.040000 16
2.110000 8
2.180000 13
2.250000 10
2.320000 10
2.390000 12
2.460000 5
2.530000 6
2.600000 7
2.670000 5
2.740000 2
2.810000 2
2.880000 4
2.950000 7
3.020000 3
3.090000 1
3.160000 2
3.230000 4
3.300000 4
3.370000 4
3.440000 0
3.510000 3
3.580000 2
3.650000 1
3.720000 2
3.790000 2
3.860000 1
3.930000 1
