-3.000000 125
-2.930000 126
-2.860000 173
-2.790000 178
-2.720000 183
-2.650000 212
-2.580000 244
-2.510000 245
-2.440000 280
-2.370000 322
-2.300000 367
-2.230000 349
-2.160000 409
-2.090000 448
-2.020000 488
-1.950000 522
-1.880000 571
-1.810000 601
-1.740000 634
-1.670000 669
-1.600000 682
-1.530000 819
-1.460000 795
-1.390000 844
-1.320000 945
-1.250000 988
-1.180000 1034
-1.110000 1122
-1.040000 1066
-0.970000 1130
-0.900000 1239
-0.830000 1283
-0.760000 1344
-0.690000 1393
-0.620000 1411
-0.550000 1491
-0.480000 1511
-0.410000 1535
-0.340000 1583
-0.270000 1755
-0.200000 1706
-0.130000 1662
-0.060000 1684
0.010000 1732
0.080000 1813
0.150000 1806
0.220000 1777
0.290000 1821
0.360000 1842
0.430000 1864
0.500000 1876
0.570000 1912
0.640000 1818
0.710000 1827
0.780000 1883
0.850000 1763
0.920000 1791
0.990000 1736
1.060000 1789
1.130000 1674
1.200000 1585
1.270000 1623
1.340000 1558
1.410000 1622
1.480000 1500
1.550000 1362
1.620000 1393
1.690000 1384
1.760000 1239
1.830000 1220
1.900000 1212
1.970000 1104
2.040000 1083
2.110000 1042
2.180000 967
2.250000 921
2.320000 870
2.390000 831
2.460000 763
2.530000 744
2.600000 637
2.670000 634
2.740000 570
2.810000 542
2.880000 510
2.950000 521
3.020000 443
3.090000 382
3.160000 379
3.230000 369
3.300000 301
3.370000 304
3.440000 265
3.510000 225
3.580000 208
3.650000 202
3.720000 195
3.790000 167
3.860000 137
3.930000 123
