-3.000000 14
-2.930000 24
-2.860000 14
-2.790000 18
-2.720000 18
-2.650000 21
-2.580000 27
-2.510000 29
-2.440000 27
-2.370000 24
-2.300000 42
-2.230000 39
-2.160000 43
-2.090000 42
-2.020000 49
-1.950000 58
-1.880000 50
-1.810000 58
-1.740000 80
-1.670000 74
-1.600000 81
-1.530000 78
-1.460000 87
-1.390000 97
-1.320000 83
-1.250000 79
-1.180000 108
-1.110000 107
-1.040000 127
-0.970000 122
-0.900000 118
-0.830000 127
-0.760000 146
-0.690000 146
-0.620000 163
-0.550000 157
-0.480000 145
-0.410000 159
-0.340000 152
-0.270000 162
-0.200000 142
-0.130000 156
-0.060000 189
0.010000 179
0.080000 167
0.150000 180
0.220000 180
0.290000 180
0.360000 176
0.430000 185
0.500000 205
0.570000 175
0.640000 178
0.710000 163
0.780000 183
0.850000 180
0.920000 173
0.990000 175
1.060000 165
1.130000 170
1.200000 166
1.270000 176
1.340000 156
1.410000 127
1.480000 145
1.550000 144
1.620000 125
1.690000 122
1.760000 136
1.830000 138
1.900000 136
1.970000 123
2.040000 119
2.110000 101
2.180000 84
2.250000 77
2.320000 86
2.390000 91
2.460000 76
2.530000 63
2.600000 79
2.670000 56
2.740000 57
2.810000 57
2.880000 50
2.950000 45
3.020000 38
3.090000 39
3.160000 38
3.230000 39
3.300000 39
3.370000 25
3.440000 23
3.510000 19
3.580000 17
3.650000 27
3.720000 25
3.790000 15
3.860000 16
3.930000 18
