-3.000000 1014
-2.930000 1017
-2.860000 1009
-2.790000 1048
-2.720000 1048
-2.650000 1014
-2.580000 1036
-2.510000 959
-2.440000 1077
-2.370000 1021
-2.300000 971
-2.230000 977
-2.160000 956
-2.090000 1029
-2.020000 955
-1.950000 932
-1.880000 976
-1.810000 1035
-1.740000 999
-1.670000 997
-1.600000 982
-1.530000 956
-1.460000 987
-1.390000 1016
-1.320000 946
-1.250000 948
-1.180000 1045
-1.110000 1048
-1.040000 989
-0.970000 1023
-0.900000 1008
-0.830000 965
-0.760000 988
-0.690000 964
-0.620000 1014
-0.550000 972
-0.480000 1010
-0.410000 985
-0.340000 986
-0.270000 948
-0.200000 1034
-0.130000 957
-0.060000 964
0.010000 958
0.080000 1025
0.150000 1009
0.220000 992
0.290000 975
0.360000 950
0.430000 971
0.500000 1036
0.570000 982
0.640000 1021
0.710000 1026
0.780000 1022
0.850000 957
0.920000 1020
0.990000 984
1.060000 1072
1.130000 1025
1.200000 1035
1.270000 1045
1.340000 1035
1.410000 999
1.480000 1062
1.550000 1024
1.620000 1001
1.690000 1028
1.760000 1022
1.830000 1023
1.900000 985
1.970000 947
2.040000 1027
2.110000 999
2.180000 1016
2.250000 948
2.320000 974
2.390000 969
2.460000 1017
2.530000 1000
2.600000 1062
2.670000 1076
2.740000 991
2.810000 971
2.880000 1015
2.950000 986
3.020000 982
3.090000 957
3.160000 1030
3.230000 1011
3.300000 957
3.370000 1011
3.440000 994
3.510000 1010
3.580000 1002
3.650000 988
3.720000 988
3.790000 988
3.860000 986
3.930000 1006
