-3.000000 0
-2.929293 0
-2.858586 1
-2.787879 2
-2.717172 1
-2.646465 1
-2.575758 1
-2.505051 1
-2.434343 0
-2.363636 2
-2.292929 0
-2.222222 0
-2.151515 2
-2.080808 0
-2.010101 1
-1.939394 3
-1.868687 2
-1.797980 0
-1.727273 1
-1.656566 0
-1.585859 3
-1.515152 1
-1.444444 1
-1.373737 3
-1.303030 0
-1.232323 1
-1.161616 1
-1.090909 1
-1.020202 2
-0.949495 1
-0.878788 0
-0.808081 1
-0.737374 1
-0.666667 1
-0.595960 1
-0.525253 0
-0.454545 0
-0.383838 1
-0.313131 3
-0.242424 2
-0.171717 1
-0.101010 2
-0.030303 0
0.040404 0
0.111111 2
0.181818 1
0.252525 3
0.323232 0
0.393939 1
0.464646 0
0.535354 0
0.606061 1
0.676768 0
0.747475 0
0.818182 1
0.888889 2
0.959596 0
1.030303 0
1.101010 1
1.171717 0
1.242424 1
1.313131 2
1.383838 2
1.454545 1
1.525253 0
1.595960 0
1.666667 1
1.737374 0
1.808081 2
1.878788 1
1.949495 1
2.020202 3
2.090909 0
2.161616 0
2.232323 2
2.303030 3
2.373737 2
2.444444 1
2.515152 1
2.585859 1
2.656566 0
2.727273 2
2.797980 0
2.868687 1
2.939394 3
3.010101 1
3.080808 1
3.151515 2
3.222222 0
3.292929 3
3.363636 0
3.434343 0
3.505051 2
3.575758 0
3.646465 2
3.717172 1
3.787879 1
3.858586 0
3.929293 0
