-3.000000 5
-2.930000 13
-2.860000 12
-2.790000 8
-2.720000 14
-2.650000 7
-2.580000 15
-2.510000 12
-2.440000 10
-2.370000 14
-2.300000 11
-2.230000 12
-2.160000 2
-2.090000 11
-2.020000 9
-1.950000 10
-1.880000 6
-1.810000 14
-1.740000 16
-1.670000 12
-1.600000 14
-1.530000 12
-1.460000 11
-1.390000 10
-1.320000 11
-1.250000 10
-1.180000 10
-1.110000 8
-1.040000 7
-0.970000 9
-0.900000 11
-0.830000 14
-0.760000 19
-0.690000 9
-0.620000 8
-0.550000 6
-0.480000 9
-0.410000 10
-0.340000 6
-0.270000 10
-0.200000 10
-0.130000 10
-0.060000 14
0.010000 9
0.080000 12
0.150000 18
0.220000 12
0.290000 9
0.360000 8
0.430000 9
0.500000 8
0.570000 10
0.640000 7
0.710000 9
0.780000 7
0.850000 13
0.920000 8
0.990000 8
1.060000 8
1.130000 3
1.200000 10
1.270000 9
1.340000 10
1.410000 15
1.480000 7
1.550000 13
1.620000 9
1.690000 10
1.760000 8
1.830000 12
1.900000 12
1.970000 17
2.040000 16
2.110000 11
2.180000 12
2.250000 9
2.320000 11
2.390000 9
2.460000 13
2.530000 7
2.600000 11
2.670000 4
2.740000 9
2.810000 2
2.880000 14
2.950000 12
3.020000 12
3.090000 6
3.160000 15
3.230000 6
3.300000 11
3.370000 10
3.440000 5
3.510000 9
3.580000 4
3.650000 12
3.720000 5
3.790000 10
3.860000 10
3.930000 4
