-3.000000 98
-2.930000 109
-2.860000 110
-2.790000 110
-2.720000 90
-2.650000 111
-2.580000 129
-2.510000 99
-2.440000 103
-2.370000 89
-2.300000 104
-2.230000 103
-2.160000 108
-2.090000 100
-2.020000 122
-1.950000 100
-1.880000 86
-1.810000 85
-1.740000 92
-1.670000 111
-1.600000 85
-1.530000 97
-1.460000 94
-1.390000 96
-1.320000 106
-1.250000 96
-1.180000 92
-1.110000 103
-1.040000 91
-0.970000 86
-0.900000 116
-0.830000 100
-0.760000 91
-0.690000 96
-0.620000 90
-0.550000 104
-0.480000 93
-0.410000 109
-0.340000 101
-0.270000 97
-0.200000 99
-0.130000 109
-0.060000 104
0.010000 99
0.080000 98
0.150000 95
0.220000 101
0.290000 103
0.360000 117
0.430000 108
0.500000 90
0.570000 105
0.640000 87
0.710000 106
0.780000 120
0.850000 120
0.920000 106
0.990000 101
1.060000 99
1.130000 106
1.200000 94
1.270000 108
1.340000 90
1.410000 93
1.480000 107
1.550000 95
1.620000 111
1.690000 87
1.760000 91
1.830000 94
1.900000 91
1.970000 97
2.040000 105
2.110000 90
2.180000 103
2.250000 113
2.320000 98
2.390000 102
2.460000 89
2.530000 75
2.600000 119
2.670000 89
2.740000 102
2.810000 100
2.880000 106
2.950000 100
3.020000 98
3.090000 98
3.160000 89
3.230000 95
3.300000 121
3.370000 105
3.440000 110
3.510000 92
3.580000 102
3.650000 100
3.720000 94
3.790000 91
3.860000 103
3.930000 78
